4294967278,132
4294967278,131
4294967278,130
4294967278,129
4294967278,128
4294967278,127
4294967278,126
4294967278,125
4294967278,124
4294967278,123
4294967278,122
4294967278,121
4294967278,120
4294967278,119
4294967278,118
4294967278,117
4294967278,116
4294967278,115
4294967278,114
4294967278,113
4294967278,112
4294967278,111
4294967278,110
4294967278,109
4294967278,108
4294967278,107
4294967278,106
4294967278,105
4294967278,104
4294967278,103
4294967278,102
4294967278,101
4294967278,100
4294967278,99
4294967278,98
4294967278,97
4294967278,96
4294967278,94
4294967278,93
4294967278,92
4294967278,91
4294967278,90
4294967278,89
4294967278,87
4294967278,86
4294967278,82
4294967278,81
4294967278,80
4294967278,79
4294967278,78
4294967278,77
4294967278,76
4294967278,75
4294967278,74
4294967278,73
4294967278,72
4294967278,71
4294967278,70
4294967278,69
4294967278,68
4294967278,67
4294967278,66
4294967278,65
4294967279,83
4294967279,81
4294967279,79
4294967279,78
4294967279,77
4294967279,76
4294967279,71
4294967279,70
4294967279,67
4294967279,65
4294967279,61
4294967279,59
4294967279,56
4294967279,52
4294967279,51
4294967279,50
4294967279,47
4294967279,45
4294967279,43
4294967279,40
4294967279,38
4294967279,37
4294967279,36
4294967279,28
4294967279,27
4294967279,25
4294967279,17
4294967279,16
4294967279,13
4294967279,10
4294967279,9
4294967279,6
4294967278,328
4294967278,375
4294967278,263
4294967278,279
4294967279,336
4294967279,8
4294967279,274
4294967279,562
4294967278,391
4294967279,527
280,9
280,0
4294967278,147
4294967279,146
4294967278,146
4294967278,145
4294967278,144
280,8
280,7
4294967279,513
4294967278,321
4294967279,247
4294967279,245
4294967279,237
4294967278,237
4294967279,236
4294967279,235
4294967279,233
4294967279,231
4294967279,223
4294967279,221
4294967278,209
4294967279,208
4294967279,207
4294967278,201
4294967278,200
4294967279,200
4294967278,199
4294967278,194
281,4
281,3
281,2
281,1
4294967278,193
4294967294,1417
4294967278,192
4294967278,334
4294967279,535
4294967279,260
4294967278,186
4294967279,185
280,6
280,5
280,4
280,3
280,2
280,1
4294967278,309
4294967279,293
4294967278,306
4294967279,296
277,4
4294967279,165
277,3
277,2
277,1
4294967278,164
4294967278,162
276,6
276,5
276,4
276,3
276,2
276,1
4294967278,155
4294967278,154
275,5
275,4
275,3
275,2
275,1
4294967294,385
4294967294,386
4294967294,397
4294967294,449
4294967294,109
4294967294,451
4294967278,143
4294967278,141
274,5
274,4
274,3
274,2
274,1
4294967279,343
4294967278,290
4294967278,331
273,5
273,4
273,3
273,2
273,1
271,4
271,3
271,2
271,1
4294967279,517
4294967279,557
4294967278,85
4294967278,368
4294967278,83
4294967279,87
4294967279,297
4294967279,30
4294967279,23
4294967279,22
4294967279,7
4294967279,5
4294967278,259
4294967279,4
4294967279,330
4294967278,256
4294967279,319
270,6
270,5
270,4
270,2
270,1
4294967278,239
4294967279,225
4294967279,215
267,4
4294967279,310
267,3
267,2
267,1
266,6
4294967278,95
4294967294,1418
266,5
266,4
266,3
266,2
266,1
4294967279,306
4294967294,111
4294967279,565
265,5
4294967278,84
265,4
265,3
265,2
265,1
4294967294,1414
4294967294,83
4294967278,402
4294967279,572
264,5
264,4
264,3
264,2
264,1
4294967278,344
4294967279,531
4294967278,343
263,5
263,4
263,3
263,2
263,1
4294967294,89
4294967278,302
261,4
261,3
261,2
261,1
0,7
4294967294,27
4294967294,68
4294967294,11
4294967278,339
4294967294,1
4294967294,29
4294967294,904
4294967294,186
4294967294,0
4294967294,5
4294967279,327
4294967294,46
4294967294,38
4294967279,566
4294967279,539
4294967279,0
4294967279,292
4294967278,301
4294967294,471
4294967278,390
4294967294,81
4294967294,50
4294967294,90
4294967294,86
4294967294,84
4294967294,28
4294967294,920
4294967294,53
4294967294,44
4294967294,36
4294967294,436
4294967294,473
4294967294,96
4294967294,94
4294967294,9
4294967294,8
4294967278,337
4294967294,93
4294967294,95
0,5
4294967294,7
4294967294,6
4294967294,22
4294967294,17
4294967294,67
4294967294,41
4294967294,417
4294967294,472
4294967294,25
4294967294,946
4294967294,26
4294967293,131
4294967293,130
4294967293,129
4294967293,128
4294967293,127
4294967293,126
4294967293,125
4294967293,124
4294967293,123
4294967293,122
4294967293,121
4294967293,120
4294967293,119
4294967293,118
4294967293,117
4294967293,116
4294967293,115
4294967293,114
4294967293,113
4294967293,112
4294967293,111
4294967293,110
4294967293,109
4294967293,108
4294967293,107
4294967293,106
4294967293,105
4294967293,104
4294967293,103
4294967293,102
4294967293,101
4294967293,100
4294967293,99
4294967293,98
4294967293,97
4294967293,96
4294967293,95
4294967293,94
4294967293,93
4294967293,92
4294967293,91
4294967293,90
4294967293,89
4294967293,87
4294967293,86
4294967293,85
4294967293,84
4294967293,83
4294967293,82
4294967293,81
4294967293,80
4294967293,79
4294967293,78
4294967293,77
4294967293,76
4294967293,75
4294967293,74
4294967293,73
4294967293,72
4294967293,71
4294967293,70
4294967293,69
4294967293,68
4294967293,67
4294967293,66
4294967293,65
4294967293,64
4294967293,63
4294967293,62
4294967293,61
4294967293,60
4294967293,59
4294967293,58
4294967293,57
4294967293,56
4294967293,55
4294967293,54
4294967293,53
4294967293,52
4294967293,51
4294967293,50
4294967293,49
4294967293,48
4294967293,47
4294967293,46
4294967293,45
4294967293,44
4294967293,43
4294967293,42
4294967293,41
4294967293,40
4294967293,39
4294967293,38
4294967293,37
4294967293,36
4294967293,35
4294967293,34
4294967293,33
4294967293,32
4294967293,31
4294967293,30
4294967293,29
4294967293,28
4294967293,27
4294967293,26
4294967293,25
4294967293,24
4294967293,23
4294967293,22
4294967293,21
4294967293,20
4294967293,19
4294967293,18
4294967293,17
4294967293,16
4294967293,15
4294967293,14
4294967293,13
4294967293,12
4294967293,11
4294967293,10
4294967293,9
4294967293,8
4294967293,7
4294967293,6
4294967293,5
4294967293,4
4294967293,3
4294967279,90
4294967279,363
4294967279,291
4294967294,1420
260,6
260,5
260,4
260,2
260,1
4294967279,362
4294967278,142
4294967278,140
4294967278,139
4294967278,136
4294967278,135
4294967294,1419
4294967278,134
257,4
257,3
257,2
257,1
4294967279,267
4294967294,119
4294967294,164
4294967294,459
4294967294,411
4294967279,538
256,6
4294967278,271
256,5
256,4
256,3
256,2
256,1
255,5
255,4
255,3
255,2
255,1
4294967278,327
4294967279,556
4294967278,325
4294967279,361
254,5
254,4
254,3
254,2
254,1
253,5
253,4
253,3
253,2
253,1
4294967294,966
4294967294,185
4294967278,357
4294967279,360
251,4
251,3
251,2
251,1
4294967279,220
4294967279,359
4294967278,217
4294967279,358
4294967279,357
4294967279,101
4294967279,100
